0,486
0,485
0,472
11,12
3,2
3,1
3,3
10,95
10,215
10,160
10,253
10,177
10,210
10,291
10,206
11,11
8,8
8,18
8,7
8,12
8,2
8,3
2,2
2,1
2,3
63,3
63,2
63,1
63,0
51,4
51,3
51,2
51,1
51,0
50,4
50,3
50,2
50,1
50,0
49,4
49,3
49,2
49,1
49,0
47,4
47,3
47,2
47,1
47,0
46,4
46,3
46,2
46,1
46,0
44,5
44,4
44,3
44,2
44,1
44,0
41,5
41,4
41,3
41,2
41,1
35,4
35,3
35,2
35,1
30,4
30,3
30,1
27,3
27,1
20,3
20,2
20,1
19,3
19,2
19,1
18,3
18,1
14,3
14,1
13,3
13,1
12,3
12,2
12,1
11,28
11,27
11,26
11,25
11,24
11,23
11,22
11,21
11,20
11,19
11,18
11,17
11,16
11,15
11,14
11,9
